# Migration is number of nodes that have changed color.

Round		Edge-Cut		Swaps		Migrations		Skipped
0		3080		2289		1559
1		2427		4478		1712
2		2154		6606		1751
3		2031		8731		1741
4		1955		10768		1767
5		1895		12830		1760
6		1862		14878		1771
7		1831		16925		1768
8		1812		18963		1765
9		1791		21025		1761
10		1770		23068		1770
11		1761		25125		1779
12		1754		27169		1760
13		1725		29199		1763
14		1735		31229		1764
15		1726		33294		1764
16		1712		35330		1768
17		1699		37390		1763
18		1684		39425		1749
19		1676		41479		1760
20		1687		43525		1778
21		1691		45576		1772
22		1657		47582		1767
23		1643		49640		1768
24		1656		51677		1753
25		1643		53719		1752
26		1634		55751		1755
27		1645		57808		1735
28		1639		59842		1746
29		1629		61857		1772
30		1625		63873		1770
31		1616		65896		1769
32		1616		67932		1773
33		1613		69984		1774
34		1625		72010		1776
35		1618		74081		1767
36		1599		76113		1767
37		1619		78143		1769
38		1598		80166		1770
39		1590		82219		1770
40		1581		84216		1772
41		1596		86270		1766
42		1602		88297		1767
43		1598		90338		1768
44		1601		92389		1758
45		1601		94399		1762
46		1605		96431		1755
47		1593		98452		1772
48		1601		100465		1769
49		1601		102460		1785
50		1611		104481		1781
51		1603		106539		1788
52		1591		108573		1784
53		1584		110580		1783
54		1605		112590		1783
55		1601		114611		1783
56		1596		116622		1780
57		1582		118637		1784
58		1577		120681		1768
59		1585		122682		1775
60		1592		124713		1791
61		1578		126753		1783
62		1577		128807		1780
63		1570		130836		1793
64		1582		132869		1790
65		1575		134885		1791
66		1581		136900		1788
67		1571		138946		1786
68		1590		140962		1782
69		1599		142975		1795
70		1599		144994		1781
71		1583		147013		1779
72		1586		149076		1788
73		1586		151117		1778
74		1568		153150		1789
75		1570		155169		1782
76		1571		157166		1782
77		1562		159215		1790
78		1574		161211		1792
79		1581		163236		1791
80		1585		165266		1788
81		1582		167304		1786
82		1582		169346		1780
83		1567		171364		1780
84		1572		173392		1781
85		1599		175381		1771
86		1582		177418		1781
87		1587		179444		1776
88		1580		181445		1761
89		1588		183467		1750
90		1589		185472		1764
91		1603		187492		1755
92		1596		189510		1769
93		1595		191550		1779
94		1586		193573		1768
95		1581		195600		1759
96		1581		197613		1771
97		1574		199611		1754
98		1574		201645		1758
99		1583		203669		1769
100		1580		205693		1774
101		1575		207707		1762
102		1576		209748		1769
103		1580		211785		1767
104		1578		213802		1773
105		1575		215828		1770
106		1592		217812		1771
107		1589		219795		1776
108		1580		221813		1782
109		1586		223816		1775
110		1589		225872		1784
111		1582		227890		1761
112		1584		229914		1767
113		1598		231921		1772
114		1605		233978		1774
115		1580		235994		1773
116		1589		238003		1768
117		1579		240041		1771
118		1594		242048		1784
119		1588		244058		1794
120		1582		246081		1784
121		1586		248129		1771
122		1574		250151		1782
123		1575		252180		1762
124		1590		254203		1782
125		1590		256237		1785
126		1581		258270		1781
127		1589		260319		1787
128		1588		262326		1777
129		1579		264337		1774
130		1572		266356		1777
131		1572		268387		1777
132		1571		270413		1765
133		1568		272436		1771
134		1568		274416		1784
135		1571		276429		1779
136		1574		278437		1788
137		1581		280450		1787
138		1571		282482		1787
139		1576		284517		1782
140		1576		286539		1786
141		1578		288544		1781
142		1576		290583		1785
143		1570		292613		1779
144		1573		294619		1777
145		1578		296626		1775
146		1573		298627		1785
147		1571		300662		1790
148		1566		302649		1792
149		1563		304701		1775
150		1567		306697		1763
151		1556		308703		1771
152		1551		310709		1779
153		1543		312707		1779
154		1545		314697		1781
155		1545		316729		1793
156		1552		318751		1799
157		1548		320750		1797
158		1546		322773		1795
159		1551		324777		1791
160		1544		326812		1789
161		1548		328827		1778
162		1551		330853		1783
163		1550		332874		1784
164		1551		334891		1796
165		1554		336903		1802
166		1548		338958		1799
167		1555		340995		1811
168		1558		342993		1809
169		1554		345019		1799
170		1552		347045		1790
171		1555		349055		1799
172		1561		351081		1797
173		1561		353117		1803
174		1572		355158		1784
175		1559		357204		1787
176		1558		359227		1776
177		1561		361251		1780
178		1571		363262		1766
179		1570		365306		1767
180		1565		367361		1769
181		1571		369391		1769
182		1566		371399		1774
183		1565		373388		1776
184		1569		375382		1772
185		1575		377405		1775
186		1572		379411		1768
187		1571		381438		1781
188		1574		383451		1773
189		1570		385479		1771
190		1576		387482		1770
191		1574		389549		1785
192		1571		391573		1796
193		1567		393588		1790
194		1556		395602		1783
195		1555		397640		1781
196		1557		399645		1787
197		1559		401659		1781
198		1552		403667		1766
199		1545		405678		1770
200		1546		407691		1779
201		1543		409725		1780
202		1544		411769		1778
203		1549		413779		1782
204		1545		415780		1784
205		1544		417775		1780
206		1544		419793		1783
207		1546		421819		1763
208		1548		423809		1763
209		1550		425843		1767
210		1558		427847		1767
211		1553		429849		1767
212		1548		431854		1759
213		1544		433877		1766
214		1553		435914		1766
215		1554		437922		1768
216		1550		439945		1771
217		1555		441938		1776
218		1540		443947		1769
219		1548		445979		1761
220		1552		447963		1745
221		1550		449971		1750
222		1552		451952		1746
223		1554		454000		1754
224		1559		456009		1745
225		1546		458035		1768
226		1554		460043		1769
227		1562		462061		1781
228		1555		464059		1782
229		1550		466097		1783
230		1552		468103		1763
231		1549		470096		1764
232		1548		472085		1762
233		1552		474102		1764
234		1558		476132		1775
235		1557		478131		1774
236		1563		480156		1765
237		1560		482145		1786
238		1565		484164		1779
239		1555		486180		1791
240		1551		488179		1788
241		1544		490211		1792
242		1542		492252		1791
243		1544		494251		1789
244		1547		496293		1786
245		1545		498325		1783
246		1544		500338		1790
247		1555		502344		1796
248		1547		504382		1801
249		1550		506405		1786
250		1533		508430		1786
251		1523		510429		1792
252		1511		512444		1788
253		1503		514453		1778
254		1501		516426		1775
255		1496		518433		1783
256		1492		520402		1779
257		1490		522363		1778
258		1488		524367		1781
259		1488		526325		1774
260		1488		528328		1774
261		1484		530284		1779
262		1482		532248		1783
263		1482		534200		1775
264		1480		536202		1774
265		1479		538183		1767
266		1477		540180		1771
267		1476		542200		1774
268		1475		544180		1776
269		1473		546144		1778
270		1473		548094		1772
271		1473		550085		1773
272		1473		552069		1772
273		1473		554068		1773
274		1471		556059		1770
275		1468		558026		1770
276		1468		560014		1769
277		1468		561975		1772
278		1467		563927		1772
279		1465		565874		1776
280		1464		567840		1775
281		1462		569836		1779
282		1462		571781		1777
283		1463		573726		1774
284		1462		575700		1774
285		1461		577664		1779
286		1461		579625		1775
287		1461		581602		1772
288		1461		583571		1771
289		1460		585541		1773
290		1460		587515		1772
291		1460		589487		1769
292		1460		591443		1774
293		1460		593422		1773
294		1459		595394		1771
295		1457		597329		1770
296		1457		599313		1772
297		1456		601289		1775
298		1455		603267		1777
299		1455		605233		1777
300		1455		607179		1776
301		1455		609148		1777
302		1455		611120		1775
303		1455		613079		1777
304		1455		615037		1773
305		1455		616981		1770
306		1455		618927		1769
307		1455		620877		1779
308		1455		622844		1776
309		1455		624800		1774
310		1455		626790		1769
311		1454		628801		1771
312		1453		630745		1771
313		1453		632737		1770
314		1451		634711		1773
315		1451		636680		1774
316		1451		638618		1774
317		1450		640592		1776
318		1449		642604		1778
319		1449		644589		1775
320		1449		646542		1774
321		1449		648491		1775
322		1449		650434		1770
323		1449		652421		1769
324		1448		654379		1770
325		1448		656364		1766
326		1448		658334		1769
327		1448		660356		1767
328		1448		662355		1768
329		1448		664311		1766
330		1448		666283		1763
331		1448		668254		1762
332		1448		670207		1763
333		1448		672176		1761
334		1447		672177		1761
335		1445		672179		1762
336		1444		672180		1762
337		1444		672180		1762
338		1444		672180		1762
339		1444		672180		1762
340		1444		672180		1762
341		1444		672180		1762
342		1444		672180		1762
343		1444		672180		1762
344		1444		672180		1762
345		1444		672180		1762
346		1444		672180		1762
347		1444		672180		1762
348		1444		672180		1762
349		1444		672180		1762
350		1444		672180		1762
351		1444		672180		1762
352		1444		672180		1762
353		1444		672180		1762
354		1444		672180		1762
355		1444		672180		1762
356		1444		672180		1762
357		1444		672180		1762
358		1444		672180		1762
359		1444		672180		1762
360		1444		672180		1762
361		1444		672180		1762
362		1444		672180		1762
363		1444		672180		1762
364		1444		672180		1762
365		1444		672180		1762
366		1444		672180		1762
367		1444		672180		1762
368		1445		672182		1761
369		1445		672182		1761
370		1445		672182		1761
371		1445		672182		1761
372		1445		672182		1761
373		1444		672183		1762
374		1444		672183		1762
375		1444		672183		1762
376		1444		672183		1762
377		1444		672183		1762
378		1444		672183		1762
379		1444		672183		1762
380		1444		672183		1762
381		1444		672185		1764
382		1443		672186		1763
383		1443		672186		1763
384		1443		672186		1763
385		1443		672186		1763
386		1443		672186		1763
387		1443		672186		1763
388		1443		672186		1763
389		1443		672186		1763
390		1443		672186		1763
391		1443		672186		1763
392		1443		672186		1763
393		1443		672186		1763
394		1443		672186		1763
395		1443		672186		1763
396		1442		672187		1764
397		1442		672187		1764
398		1442		672187		1764
399		1442		672187		1764
400		1442		672187		1764
401		1442		672187		1764
402		1442		672187		1764
403		1442		672187		1764
404		1442		672187		1764
405		1442		672187		1764
406		1442		672187		1764
407		1442		672187		1764
408		1442		672187		1764
409		1442		672187		1764
410		1442		672187		1764
411		1442		672187		1764
412		1442		672187		1764
413		1442		672187		1764
414		1442		672187		1764
415		1442		672187		1764
416		1442		672187		1764
417		1442		672187		1764
418		1442		672187		1764
419		1442		672187		1764
420		1442		672187		1764
421		1442		672187		1764
422		1442		672187		1764
423		1442		672187		1764
424		1442		672187		1764
425		1442		672187		1764
426		1442		672187		1764
427		1442		672187		1764
428		1442		672187		1764
429		1442		672187		1764
430		1442		672187		1764
431		1442		672187		1764
432		1442		672187		1764
433		1442		672187		1764
434		1442		672187		1764
435		1442		672187		1764
436		1442		672187		1764
437		1442		672187		1764
438		1442		672187		1764
439		1442		672187		1764
440		1442		672187		1764
441		1442		672187		1764
442		1442		672187		1764
443		1442		672187		1764
444		1442		672187		1764
445		1442		672187		1764
446		1442		672187		1764
447		1442		672187		1764
448		1442		672187		1764
449		1442		672187		1764
450		1442		672187		1764
451		1442		672187		1764
452		1442		672187		1764
453		1442		672187		1764
454		1442		672187		1764
455		1442		672187		1764
456		1442		672187		1764
457		1442		672187		1764
458		1442		672187		1764
459		1442		672187		1764
460		1442		672187		1764
461		1442		672187		1764
462		1442		672187		1764
463		1442		672187		1764
464		1442		672187		1764
465		1442		672187		1764
466		1442		672187		1764
467		1442		672187		1764
468		1442		672187		1764
469		1442		672187		1764
470		1442		672187		1764
471		1442		672187		1764
472		1442		672187		1764
473		1442		672187		1764
474		1442		672187		1764
475		1442		672187		1764
476		1442		672187		1764
477		1442		672187		1764
478		1442		672187		1764
479		1442		672187		1764
480		1442		672187		1764
481		1442		672187		1764
482		1442		672187		1764
483		1442		672187		1764
484		1442		672187		1764
485		1442		672187		1764
486		1442		672187		1764
487		1442		672187		1764
488		1442		672187		1764
489		1442		672187		1764
490		1442		672187		1764
491		1442		672187		1764
492		1442		672187		1764
493		1442		672187		1764
494		1442		672187		1764
495		1442		672187		1764
496		1442		672187		1764
497		1442		672187		1764
498		1442		672187		1764
499		1442		672187		1764
500		1442		672187		1764
501		1442		672187		1764
502		1442		672187		1764
503		1443		672189		1764
504		1443		672189		1764
505		1443		672189		1764
506		1443		672189		1764
507		1443		672189		1764
508		1443		672189		1764
509		1443		672189		1764
510		1443		672189		1764
511		1443		672189		1764
512		1443		672189		1764
513		1443		672189		1764
514		1443		672189		1764
515		1443		672189		1764
516		1443		672191		1765
517		1443		672191		1765
518		1443		672191		1765
519		1443		672191		1765
520		1443		672191		1765
521		1443		672191		1765
522		1443		672192		1766
523		1443		672192		1766
524		1443		672192		1766
525		1443		672192		1766
526		1443		672192		1766
527		1443		672192		1766
528		1443		672192		1766
529		1443		672192		1766
530		1443		672192		1766
531		1443		672192		1766
532		1443		672192		1766
533		1443		672192		1766
534		1443		672192		1766
535		1443		672192		1766
536		1443		672192		1766
537		1443		672192		1766
538		1443		672192		1766
539		1443		672192		1766
540		1443		672192		1766
541		1443		672192		1766
542		1443		672192		1766
543		1443		672192		1766
544		1443		672192		1766
545		1443		672192		1766
546		1443		672192		1766
547		1443		672192		1766
548		1443		672192		1766
549		1443		672192		1766
550		1443		672192		1766
551		1443		672192		1766
552		1443		672192		1766
553		1443		672192		1766
554		1443		672192		1766
555		1443		672192		1766
556		1443		672192		1766
557		1443		672192		1766
558		1443		672192		1766
559		1443		672192		1766
560		1443		672192		1766
561		1443		672192		1766
562		1443		672192		1766
563		1443		672192		1766
564		1443		672192		1766
565		1443		672192		1766
566		1443		672192		1766
567		1443		672192		1766
568		1443		672192		1766
569		1443		672192		1766
570		1443		672193		1765
571		1444		672195		1765
572		1444		672195		1765
573		1444		672196		1766
574		1444		672196		1766
575		1444		672196		1766
576		1444		672196		1766
577		1444		672196		1766
578		1444		672196		1766
579		1444		672196		1766
580		1444		672196		1766
581		1444		672196		1766
582		1444		672196		1766
583		1444		672196		1766
584		1444		672198		1765
585		1444		672198		1765
586		1444		672198		1765
587		1444		672198		1765
588		1444		672198		1765
589		1444		672198		1765
590		1444		672199		1764
591		1444		672199		1764
592		1444		672199		1764
593		1444		672199		1764
594		1444		672199		1764
595		1443		672200		1765
596		1443		672200		1765
597		1443		672200		1765
598		1443		672200		1765
599		1443		672200		1765
600		1443		672200		1765
601		1443		672200		1765
602		1443		672200		1765
603		1443		672200		1765
604		1443		672200		1765
605		1443		672200		1765
606		1443		672200		1765
607		1443		672200		1765
608		1443		672200		1765
609		1443		672200		1765
610		1443		672200		1765
611		1443		672200		1765
612		1443		672200		1765
613		1443		672200		1765
614		1443		672200		1765
615		1443		672200		1765
616		1443		672200		1765
617		1443		672200		1765
618		1443		672200		1765
619		1443		672200		1765
620		1443		672200		1765
621		1443		672200		1765
622		1443		672200		1765
623		1443		672200		1765
624		1443		672200		1765
625		1443		672200		1765
626		1443		672200		1765
627		1443		672200		1765
628		1443		672200		1765
629		1443		672200		1765
630		1443		672200		1765
631		1443		672200		1765
632		1443		672200		1765
633		1443		672200		1765
634		1443		672200		1765
635		1443		672200		1765
636		1443		672200		1765
637		1443		672200		1765
638		1443		672200		1765
639		1443		672200		1765
640		1443		672200		1765
641		1443		672200		1765
642		1443		672200		1765
643		1443		672200		1765
644		1443		672200		1765
645		1442		672201		1765
646		1442		672201		1765
647		1442		672201		1765
648		1442		672201		1765
649		1442		672201		1765
650		1442		672201		1765
651		1442		672201		1765
652		1442		672201		1765
653		1442		672201		1765
654		1442		672201		1765
655		1442		672201		1765
656		1442		672201		1765
657		1442		672201		1765
658		1442		672201		1765
659		1442		672201		1765
660		1442		672201		1765
661		1442		672201		1765
662		1442		672201		1765
663		1442		672201		1765
664		1442		672201		1765
665		1442		672201		1765
666		1442		672201		1765
667		1442		672201		1765
668		1442		672201		1765
669		1442		672201		1765
670		1442		672201		1765
671		1442		672201		1765
672		1442		672201		1765
673		1442		672201		1765
674		1442		672201		1765
675		1442		672201		1765
676		1442		672201		1765
677		1442		672201		1765
678		1442		672201		1765
679		1442		672201		1765
680		1442		672201		1765
681		1442		672201		1765
682		1442		672201		1765
683		1442		672201		1765
684		1442		672201		1765
685		1442		672201		1765
686		1442		672201		1765
687		1442		672201		1765
688		1442		672201		1765
689		1442		672201		1765
690		1442		672201		1765
691		1442		672201		1765
692		1442		672201		1765
693		1442		672201		1765
694		1442		672201		1765
695		1442		672201		1765
696		1442		672201		1765
697		1442		672201		1765
698		1442		672201		1765
699		1442		672201		1765
700		1442		672201		1765
701		1442		672201		1765
702		1442		672201		1765
703		1442		672201		1765
704		1442		672201		1765
705		1442		672201		1765
706		1442		672201		1765
707		1442		672201		1765
708		1442		672201		1765
709		1442		672201		1765
710		1442		672201		1765
711		1442		672201		1765
712		1442		672201		1765
713		1442		672201		1765
714		1442		672201		1765
715		1442		672201		1765
716		1442		672201		1765
717		1442		672201		1765
718		1442		672201		1765
719		1442		672201		1765
720		1442		672201		1765
721		1442		672201		1765
722		1442		672201		1765
723		1442		672201		1765
724		1442		672201		1765
725		1442		672201		1765
726		1442		672201		1765
727		1442		672201		1765
728		1442		672201		1765
729		1442		672201		1765
730		1442		672201		1765
731		1442		672201		1765
732		1442		672201		1765
733		1442		672201		1765
734		1442		672201		1765
735		1442		672201		1765
736		1442		672201		1765
737		1442		672201		1765
738		1442		672201		1765
739		1442		672201		1765
740		1442		672201		1765
741		1442		672201		1765
742		1442		672201		1765
743		1442		672201		1765
744		1442		672201		1765
745		1442		672201		1765
746		1442		672201		1765
747		1442		672201		1765
748		1442		672201		1765
749		1442		672201		1765
750		1442		672201		1765
751		1442		672201		1765
752		1442		672201		1765
753		1442		672201		1765
754		1442		672201		1765
755		1442		672201		1765
756		1442		672201		1765
757		1442		672201		1765
758		1442		672201		1765
759		1442		672201		1765
760		1442		672201		1765
761		1443		672202		1763
762		1442		672203		1763
763		1442		672203		1763
764		1442		672203		1763
765		1442		672203		1763
766		1442		672203		1763
767		1442		672203		1763
768		1442		672203		1763
769		1442		672203		1763
770		1442		672203		1763
771		1442		672203		1763
772		1442		672203		1763
773		1442		672203		1763
774		1442		672203		1763
775		1442		672203		1763
776		1442		672203		1763
777		1442		672203		1763
778		1442		672203		1763
779		1442		672203		1763
780		1442		672203		1763
781		1442		672203		1763
782		1442		672203		1763
783		1442		672203		1763
784		1442		672203		1763
785		1442		672203		1763
786		1442		672203		1763
787		1442		672203		1763
788		1442		672203		1763
789		1442		672203		1763
790		1442		672203		1763
791		1442		672203		1763
792		1442		672203		1763
793		1442		672203		1763
794		1442		672203		1763
795		1442		672203		1763
796		1442		672203		1763
797		1442		672203		1763
798		1442		672203		1763
799		1442		672203		1763
800		1442		672203		1763
801		1442		672203		1763
802		1442		672203		1763
803		1442		672203		1763
804		1442		672203		1763
805		1442		672203		1763
806		1442		672203		1763
807		1442		672203		1763
808		1442		672203		1763
809		1442		672203		1763
810		1442		672203		1763
811		1442		672203		1763
812		1442		672203		1763
813		1442		672203		1763
814		1442		672203		1763
815		1443		672204		1762
816		1443		672204		1762
817		1442		672205		1762
818		1442		672206		1764
819		1442		672206		1764
820		1442		672206		1764
821		1442		672206		1764
822		1442		672206		1764
823		1442		672206		1764
824		1442		672206		1764
825		1442		672206		1764
826		1442		672206		1764
827		1442		672206		1764
828		1442		672206		1764
829		1442		672206		1764
830		1442		672206		1764
831		1442		672206		1764
832		1442		672206		1764
833		1442		672206		1764
834		1442		672206		1764
835		1442		672206		1764
836		1442		672206		1764
837		1442		672206		1764
838		1442		672206		1764
839		1442		672206		1764
840		1442		672206		1764
841		1442		672206		1764
842		1442		672206		1764
843		1442		672206		1764
844		1442		672206		1764
845		1442		672206		1764
846		1442		672206		1764
847		1442		672206		1764
848		1442		672206		1764
849		1442		672206		1764
850		1442		672206		1764
851		1442		672206		1764
852		1442		672206		1764
853		1442		672208		1765
854		1442		672208		1765
855		1442		672208		1765
856		1442		672208		1765
857		1442		672208		1765
858		1443		672209		1766
859		1443		672209		1766
860		1443		672209		1766
861		1443		672209		1766
862		1443		672209		1766
863		1443		672209		1766
864		1443		672209		1766
865		1443		672209		1766
866		1443		672209		1766
867		1443		672209		1766
868		1443		672209		1766
869		1443		672209		1766
870		1443		672209		1766
871		1443		672209		1766
872		1443		672209		1766
873		1443		672209		1766
874		1443		672209		1766
875		1443		672209		1766
876		1443		672209		1766
877		1443		672209		1766
878		1443		672209		1766
879		1443		672209		1766
880		1443		672209		1766
881		1443		672209		1766
882		1443		672209		1766
883		1443		672209		1766
884		1443		672209		1766
885		1443		672209		1766
886		1443		672209		1766
887		1443		672209		1766
888		1443		672209		1766
889		1443		672209		1766
890		1443		672209		1766
891		1443		672209		1766
892		1443		672209		1766
893		1443		672209		1766
894		1443		672209		1766
895		1443		672209		1766
896		1443		672209		1766
897		1443		672209		1766
898		1443		672209		1766
899		1443		672209		1766
900		1443		672209		1766
901		1443		672209		1766
902		1443		672209		1766
903		1443		672209		1766
904		1443		672209		1766
905		1443		672209		1766
906		1443		672209		1766
907		1443		672209		1766
908		1443		672209		1766
909		1443		672209		1766
910		1443		672209		1766
911		1443		672209		1766
912		1443		672209		1766
913		1443		672209		1766
914		1443		672209		1766
915		1443		672209		1766
916		1443		672209		1766
917		1443		672209		1766
918		1443		672209		1766
919		1443		672209		1766
920		1443		672209		1766
921		1443		672209		1766
922		1443		672209		1766
923		1443		672209		1766
924		1443		672209		1766
925		1443		672209		1766
926		1443		672209		1766
927		1443		672209		1766
928		1443		672209		1766
929		1443		672209		1766
930		1443		672209		1766
931		1443		672209		1766
932		1443		672209		1766
933		1443		672209		1766
934		1443		672209		1766
935		1443		672209		1766
936		1443		672209		1766
937		1443		672209		1766
938		1443		672209		1766
939		1443		672209		1766
940		1443		672209		1766
941		1443		672209		1766
942		1443		672209		1766
943		1443		672209		1766
944		1443		672209		1766
945		1443		672209		1766
946		1443		672209		1766
947		1443		672209		1766
948		1443		672209		1766
949		1443		672209		1766
950		1443		672209		1766
951		1443		672209		1766
952		1443		672209		1766
953		1443		672209		1766
954		1443		672209		1766
955		1443		672209		1766
956		1443		672209		1766
957		1443		672209		1766
958		1443		672209		1766
959		1443		672209		1766
960		1443		672209		1766
961		1443		672209		1766
962		1443		672209		1766
963		1443		672209		1766
964		1443		672209		1766
965		1443		672209		1766
966		1443		672209		1766
967		1443		672209		1766
968		1443		672209		1766
969		1443		672209		1766
970		1443		672209		1766
971		1443		672209		1766
972		1443		672209		1766
973		1443		672209		1766
974		1443		672209		1766
975		1443		672209		1766
976		1443		672209		1766
977		1443		672209		1766
978		1443		672209		1766
979		1443		672209		1766
980		1443		672209		1766
981		1443		672209		1766
982		1443		672209		1766
983		1443		672209		1766
984		1443		672209		1766
985		1443		672209		1766
986		1443		672209		1766
987		1443		672209		1766
988		1443		672209		1766
989		1443		672209		1766
990		1443		672209		1766
991		1443		672209		1766
992		1443		672209		1766
993		1443		672209		1766
994		1443		672209		1766
995		1443		672209		1766
996		1443		672209		1766
997		1443		672209		1766
998		1443		672209		1766
999		1443		672209		1766
